002659958
000246970
007322169
007325898
002959930
000482085
004047574
006687635
004205962
002593099
003493104
002783050
000848426
004300114
003923666
002254167
005069658
004341249
007024141
003392276
002001652
006937653
007371288
000407258
003381650
006849214
003401397
003148267
006951874
003537495
003290422
004209349
006768079
005972455
007017330
005987214
002749991
005071226
003921171
007054961
003049174
006711243
006768968
004166202
000746545
006836759
002167596
006541979
003264456
000617699
000864630
004047552
006796295
001054444
006575389
004655574
002710999
003207416
003027542
001347762
000514150
004070121
005914637
003276147
006838328
003455806
003494517
006385423
003368731
004622798
002487132
003276070
002172924
005917718
003229021
004659439
001119994
002722966
003187262
003975400
003526807
003546735
002755122
002725308
000033924
002366007
004160014
006809520
004261368
002486261
004665426
004261785
002333225
002291859
001742713
003263989
003007377
002273080
002686553
001535533
003067188
006400350
000713924
006642622
003980769
002171030
003389275
006818492
000513870
006765887
003922032
006797807
004649908
003042377
004067442
003414285
006849387
002747186
003105464
004257465
000848502
003013275
004317652
004341762
006702620
006604242
001621554
006724725
003991834
003183331
005986690
002435845
005909653
003916556
001594058
004665713
003153842
002590642
003865332
006798181
006118416
002520072
002392879
006721375
004627866
002518417
002899139
000302834
001129346
006654536
004902625
006866994
004198090
006802369
000991073
000770889
003590994
002573864
003916628
004444732
003229285
006719326
002806006
003887101
004920027
005066395
004191358
006725142
004204809
006857230
006054758
004261850
006545549
003028685
003501733
003311515
002993988
003185594
006719106
006124348
003447113
006507105
004208827
003793397
006464057
003297647
003110881
002537145
003954958
002373949
002005716
006809056
000217516
004209220
004205858
003513366
006700445
003052077
003583070
004662979
006699773
005918660
006719582
003739431
006621938
006759804
003849405
004651691
004146203
002077914
002812416
003537593
000628859
002805979
003792846
006118551
006243307
006645806
006719045
001630018
006379386
006708440
002506415
006759825
002543057
004307084
002375052
004956900
004984848
003477289
000025743
004920990
006648916
004330499
005969234
006674834
006095407
003470199
006633177
003408655
006622646
004275952
000587137
000845613
004176169
006450678
003236777
003049123
005975076
006647790
003076078
003822345
003303274
003383208
001430689
006557756
003054888
003856850
004646292
002173243
005919513
006604178
002589921
004165215
003145349
003865420
003024929
003245305
003257000
004456094
004669145
002585636
003921415
001134115
002025771
006715649
005919923
006636390
003918674
004441763
004193196
003114106
002994002
001793495
004049484
004940864
006570772
006621374
003531160
004230276
004299895
002899697
000527157
000260028
003529841
004064087
003914233
001550414
004035207
004651815
006098433
000479477
004259835
002428236
003455807
003465235
004297742
001610600
003525839
003857713
003225568
003952844
004168295
004672950
005974069
003402072
002232524
004295719
003073004
002210945
000241715
003913868
003362717
003083238
002706981
003519023
000996963
006245977
005968979
003740881
003591768
004056619
001142789
004148486
003954156
000880675
002562477
002659913
003494789
000009666
003583296
001646938
003133734
002502237
003019130
006125626
002572655
002903414
003020988
004226721
004196447
000119738
006243160
004345444
003540938
001763680
001702580
003786712
004194211
003797885
003960622
004263810
004162743
003990927
002447974
006096809
004660354
006388434
006543706
001289493
003905432
004650953
003441056
001839357
006554622
003801047
002028770
004258148
006362889
002546531
003793901
006487025
000654435
003796859
001594026
003255796
004056577
003853292
003976103
000557274
004149981
003494218
003773272
000826177
006534441
003234905
003770456
004439527
001595890
004330305
003151386
003968516
001027855
002022739
006242375
003601780
002393703
003969995
005875943
001056098
003473733
000385714
005916860
003091277
002218266
004080037
003250793
002713371
002294546
004837703
001787418
000043946
002811791
003131023
006451125
004208361
000741252
001645444
004289505
004176155
001025775
003398531
002637990
004648659
004676137
003082324
003920595
004295584
001586621
006249766
003430821
006064748
005977896
002452439
000900683
001783907
002540744
006203622
004905513
003857456
000770974
004984627
003988368
001000889
005967630
000855208
005908342
003514758
001548311
004232285
006099267
003900938
000180391
004653500
003791926
003960285
005979360
000134474
003946888
006214610
003479820
004307091
004627084
001838141
003861458
004228728
005288212
003804342
003030156
004166180
000944923
004066342
006237001
002706994
001592502
004198540
004167520
004652579
000215566
003231013
003971598
005987337
001064293
000850931
003397350
003794357
000232417
005987238
003510813
003231528
004440180
001694618
002686105
002195147
006098455
004839700
005087460
003477230
001293545
003939415
001205186
003103660
002673571
002537522
000689887
004035753
002294820
003381913
003025461
006016890
001126162
002745792
003253155
003024952
000091108
005976465
003362260
004330302
002216348
002499564
003546807
003288830
003763934
005065283
003863597
004210101
002752391
003955884
003861589
002881312
003940628
004838103
003992119
002701764
002095947
000367181
000367181
004169617
003204299
004205953
001811760
003962042
004189728
003913885
001655021
003537496
001497979
002751134
005968006
001130283
004160234
000722515
003872654
000500579
003145349
003104686
000468911
004278461
004150894
004258183
003253954
000563162
003084483
004196852
003808558
004035223
001736343
000975638
002131793
000766128
005913807
003889229
000859869
003496432
002608340
004034052
002571654
005972541
003792576
000049374
002133582
002288848
004097138
003824075
005874832
004671934
001776752
003799390
005908744
004002937
000283778
000019406
003430444
004147720
003455700
003808501
005909653
004940888
001313685
004174258
004343767
002072815
005050487
005920347
000499816
001297548
005961785
000355284
000625625
003051894
003382837
003497308
003785601
003492193
004627240
004082328
002932815
003067333
005908532
004227152
002803493
005917720
003490696
003308618
000493239
004326829
003773007
002519624
003479753
000469810
001475846
003867053
003183703
004666899
005961792
003386796
001258199
000381458
001697076
003390997
004444769
002501118
000574318
003263924
002672746
002289295
002039382
004297585
001812272
002169439
004984870
003016156
004838657
003086377
001607060
000973504
000492233
003383068
004903809
002874920
002312426
003929369
002376774
003123813
004666839
004904005
004324034
004941120
001868767
003873198
003515103
002389573
002609331
003478288
003477624
003841626
003814029
004902270
003874488
004079972
004065896
003877537
003918674
003058620
002571866
004198469
004342287
005065356
003468317
002089026
004294255
004957718
004149137
003944002
003402882
003981430
001870301
003129721
004920261
003929453
003913564
003423224
004653591
004176462
003898582
002552372
004362999
004268769
004196569
004921677
000868095
000405103
004626651
003985048
000078744
003897780
002357941
003464474
004905681
004903896
004299823
000771568
003907898
002653143
002435643
004210592
004263745
003285560
001450037
000062107
004660343
003943874
001136359
004670751
004671230
000776418
004345183
000854325
003472083
003514151
003404289
000542573
000752053
004959631
004281922
003548750
003208074
000873150
003859821
004677897
002307482
000824162
003430550
004440029
002903618
003950862
002506663
003127406
004942524
004268914
001829414
003844174
003499317
000856419
004671393
004165356
004047718
003893498
002220544
000243805
004268975
000831040
000202568
004657121
004048837
003306305
003888473
004286137
004272036
000859178
002546930
004193280
004675846
002022332
003263919
002439878
001834834
003789248
003123241
004167179
004651364
000747561
000986037
003286350
003423135
004227138
004628172
002349321
002540438
001593934
002063047
003831363
000326055
000032129
003917774
003301899
004207043
004173850
002633737
004657348
002743963
003771638
001588219
000556119
002995701
003228509
002121397
003027834
003361747
000637266
003944823
004330202
003840260
002784379
004297061
004313745
004095008
004672950
003067034
003944039
004309250
000355086
000899553
000523458
003531380
003852027
001038636
001032513
004308442
004324095
003954376
000932980
001064920
001988577
004208780
002581699
003142839
000784865
001350156
003201738
003742501
003599966
004082488
002985039
000317024
003943881
001593786
003912562
003814495
003840051
004283685
004070103
001069362
003434883
003858346
003888517
004224822
003835249
004649301
002597435
003852012
001358734
002181974
003370424
003863692
003549296
004191239
004168949
003086137
004203548
002881064
003503733
003183537
001218680
000455848
004650389
000057947
000050424
004274956
000047079
004296121
002806255
002424427
002686313
000798994
000825032
004208799
000740349
003842478
003123632
003831393
004286733
001068074
004345351
003584461
002259534
004184054
002987321
000607493
002556586
004184788
004049130
003844073
004281938
000925193
002237865
001784433
003453681
002217916
000239394
002316078
001188710
003826341
003296125
004053978
002988429
001837749
001516884
004150474
004272359
001784144
004278314
004223499
004079816
002428236
004346069
003067513
004326528
004055278
000894181
004086116
000396478
002630760
000957227
003421913
004319792
002648269
002959858
002543261
001170800
002808439
004253687
001123424
003844809
002987363
001733163
003218659
002359348
003943865
004269081
004159306
002644063
003452763
004264506
000565607
003905740
003964381
002158309
004196850
002181659
003891953
003590988
000867453
003920748
004209468
002581182
003241361
003835364
003348180
004036137
000527007
001024529
000068222
004444762
004444762
003933785
003074561
001306965
002357438
004253684
003943228
000296207
004319796
004172673
002708069
003543028
004209201
001141836
002608380
002293868
004276126
003392844
004315439
004326956
004291189
003969758
000560575
003916507
003864003
000762851
001525697
003887143
004196451
003543045
000118259
000390395
000966900
003473652
004289507
003035863
000979405
003858593
003926768
004319782
000524703
003261830
001431808
003103462
004312315
001756830
002552104
003167027
003970432
000549416
001313781
003868567
003026675
003393012
002741946
004183050
004167197
000647818
004150232
000880657
004312475
000532390
003922767
000431015
002257042
003787505
004190937
002181984
003520244
003978329
002686705
004274971
002365697
002994369
002076005
000821445
004282841
004210397
000559762
002302763
002516284
003971915
003290176
003236929
001683704
004166887
001498749
003810836
004062710
001313753
004176046
004048772
002990030
002569051
003963877
000014489
003301074
000136755
003306290
001141333
004169672
000439311
000535284
002092729
002535648
003069699
000805527
003110245
001094440
004067413
003794323
000811949
004151041
000675521
000691174
004142202
002879178
003938105
002761163
003057125
003820503
004191759
001726041
003871263
002574026
002380841
004275954
000603581
003858295
003444694
003810998
000540659
003167171
001526514
003599841
003353849
001685121
000081666
003519042
003527719
003803321
003478835
004200343
000812724
004297654
002231014
001501643
003281127
003803106
003887080
002751724
002988582
001439995
002083668
004282865
002399689
002615499
004033951
003404738
000338075
003787830
003895047
002596143
001236057
001385630
002587752
004070143
002546811
003980761
003805794
003805221
004183074
000701442
002302616
001277257
000197519
003034182
000779610
003543229
002445573
003975235
003938149
002035900
002871720
002710831
004165690
003598091
003531386
000577272
003243806
000460823
001141696
003095898
003074741
001589882
000715020
003091053
002215995
003921996
000827572
001009414
001026793
001315770
003815401
003953672
001716821
000005047
000563837
003848745
004232031
001809070
003280463
003087159
003540830
003184689
003528833
003595635
002808895
000769422
004261850
002776400
003891684
003592363
001622890
003873308
004163071
003383915
001122795
004082542
002500149
002997692
003102749
003600601
003811492
003887122
000005991
004203617
003105240
002683602
001346179
004161215
002505736
001343544
003490189
000799991
003297625
002840994
002694256
000019822
003588802
000916667
003360902
002664415
000453051
003835233
002555743
002384484
002664209
002523997
003165416
002611451
003602176
003057836
003384221
003985568
000779731
003492351
003467560
003814093
000021980
003532127
003158656
000412929
003384639
000073959
003144613
001187949
003920669
003294370
000404757
002208200
000710101
003105792
002664700
000589917
003113949
000433410
002166828
000968461
003204448
003255468
003401277
000833777
001998802
002133631
003511116
003545529
003224895
003820867
000724773
000628798
004224520
003451351
000629370
004207891
002369770
003506809
000940253
001850582
003045139
002182296
003234802
002720068
000820835
002184661
000872897
003745885
004193041
003392916
004190636
003855395
003273868
003215087
004177681
003863246
002554407
001659915
003101518
004167772
003485241
000775379
001118670
004183972
002206109
002436707
001669035
001099273
002815522
002713851
002803680
000740706
003293367
001510529
003261516
004159300
002720110
004084517
004096503
003591213
003279691
003922909
002743325
003986217
003996694
002620705
004203547
004191070
000550959
003402879
003584240
003052864
002195977
002354128
001595289
002537922
001267934
002152788
003847543
002442024
004196825
003974459
002555813
000488019
004069725
002932858
000677686
002503728
003236027
000767332
000747773
001135357
000731701
002599646
000842869
003789721
000137473
001779775
004084491
001726563
003880587
003477035
003357038
003782906
003098374
001012695
001253729
003594195
003883258
002749190
004002956
003225879
000263806
003919422
003785014
002566555
004063702
003404359
003376955
003155135
001013584
001447666
004150249
002395277
003269841
003277810
000296450
003057153
003086290
003878933
004174628
003285558
000744465
002403430
003308396
000746493
000838166
004002913
004165966
003810863
000222716
003872350
003286385
003922344
002773339
001129414
001202252
003080141
002302350
002271857
002349005
003438262
003308607
004165380
003918951
004049494
003101888
002412241
002525543
003449115
001022086
003886111
001264827
003086684
003861372
003979183
003477765
001588043
003938266
003535088
003061942
000578865
000659548
003909430
003548168
004164741
003918314
003362349
000065584
002108190
002590130
003461954
002031817
000015844
002004903
000607166
003201035
003894791
003070456
003074576
002509324
004069780
000112659
000649353
001123466
002880306
003906346
000705556
000001773
000101695
003281968
000504932
003943906
002481829
003477619
003253213
000933504
003423133
003206334
001818942
003151775
003304810
002228130
003808943
003595790
002778343
003970595
002230797
000075551
003310014
002643478
002643478
004036228
002170855
003829692
000606609
002220539
002750715
002211834
003937316
003308474
003473297
003217628
000040807
003803225
002882664
002551746
003147660
003807663
002582516
003304572
003423140
003943926
001079535
000287908
000786124
000981672
000152392
000931400
002141151
003396310
002368359
000422030
000344298
002082279
001997898
003924235
002998099
000163158
002637698
003780362
001026793
003956217
002046691
003894954
003206334
002414188
002447994
002743849
002667535
003904443
000805637
003478937
000506496
003097783
000213831
000284939
000657294
004080034
003913793
001466590
003884499
003202466
002046874
000819904
000249960
001353962
002972111
003084427
000799033
004066097
002526817
004067533
002342403
003159742
003076072
002777556
003384122
002478037
000079313
002785745
003217288
001787300
003052544
003523929
003127851
000157118
003216373
003423137
000425574
003404692
002777814
000733684
001320318
000490597
004055595
000568317
000634094
002616650
003516983
002738472
004063391
003305384
003934222
003042140
001609504
003600050
003795809
000996801
003907478
003598711
002780400
003941054
003935583
002174332
000606825
003790581
003226087
001053767
002349824
003801037
003271631
002997731
004054565
003602736
003028217
003844092
003814504
000026098
003968539
003602665
003013420
003790504
002225350
001353962
002204923
002543627
003015862
002143057
003198272
003917734
000319026
002044224
003794426
003383094
000758978
000758978
000298732
003935314
003240207
003434922
003066570
003392968
003867382
003849447
003518807
001248784
001853832
003537423
000746545
003857108
003449316
003983568
002382542
003007682
003943137
003383661
003784992
003149138
003865352
000872013
003206184
003153934
003952098
003985148
003525199
003543691
003807767
002778139
002117783
000234827
001604446
002039540
001604446
003159825
003144610
003361899
003971861
003504168
001224502
004034069
003479925
002021054
000558766
003295162
003845448
000120894
002992497
003250991
001189958
003589633
001102361
003405484
003803817
003286012
003831330
003080145
000139187
002344525
000025370
000738630
001593932
003356994
000394854
002419933
001441524
000259201
003298995
002211926
003879108
000957281
003950899
003863182
002773247
003051671
003309957
000988711
001252218
003382516
002359258
000866779
003518452
000826694
001621521
003004716
003518521
003523615
003961929
003857097
003450276
001106791
000039957
003817833
002165379
003907014
002243715
003871314
003206407
000318748
001798904
003763806
003163119
002010523
003851958
003390659
001792521
003543164
001073270
003139780
002109727
003476898
003896355
003957143
003593949
003933588
003968392
003972383
003912762
000085467
000642412
002840622
003495447
000637005
003772682
003932063
002638025
003889072
001332456
000412752
003929705
003205968
003291953
001617451
002082358
002386037
003776598
003067156
000851263
001742593
003230291
003877218
003912403
003236910
003964728
003818531
002812450
003063064
003134824
003246088
003229372
001476227
000052079
000233884
000730192
002443725
003820491
002883631
000086708
003981513
003022706
002518452
001869685
002525654
001450465
003535068
003271562
002347776
003288525
002812052
003882890
003146641
003052548
001309388
002428434
003431558
002227619
001845161
003978157
000602404
000242658
000596827
000359778
000017040
002044224
002808163
002224089
003543410
003894803
002181949
001368588
000918287
000755568
001593616
001507434
001039509
003786667
002082416
003271654
000780564
002482475
003824191
003104649
003413828
003953900
003494297
002302318
002076194
003473539
002082283
000139187
003135757
002537531
000022664
003250896
003153978
003876329
003739620
003600389
003843040
003915671
003121008
003841342
000752693
003540655
003881725
003245307
003882745
003475946
000418097
000348279
003291394
002315044
003918992
002995716
000082599
000831760
000335135
001520503
002045443
001049605
000874206
003113034
003475948
003969020
003201044
003871261
001136830
000057646
003602395
000989913
003018243
002806256
000041174
000490523
000268211
003069670
000893031
002514157
003090540
003547145
003909070
003089421
003253264
003897940
001292825
002141151
001313616
003073745
003122929
002808804
003298907
002213596
003391307
003889199
000803014
000967184
003583403
003903566
003352568
003494032
003535987
002871739
003502164
000958656
003583485
000714049
003808558
001854898
000023957
000695350
002749814
001686666
002342498
001098813
000698303
003583458
000900963
001012695
002755307
001136354
003102573
003086222
000509457
003096045
002081835
001033149
003903412
003794056
003302627
000296515
003851619
002486066
003849285
000591076
003109286
003602081
000557641
003815042
003887070
003047984
000809111
002859941
003410269
003548839
003537001
003060580
003518936
000752602
001725670
003362186
003399631
001020637
003891360
003534484
000723541
000780021
002399634
000626883
003010355
000650490
003872860
003887038
000017751
003523465
003548557
003873989
001685621
002446978
003918821
001742543
001217040
002596554
001185785
002113540
003882883
002121324
000069402
003757572
000183978
003799350
002232447
003041246
001200387
003829943
001067684
003384880
000965624
003763814
002720142
003501778
003402211
002094245
000604780
003845276
000154301
003882992
000791390
002573609
000053851
000348718
003767314
002471913
002519616
003213611
003455304
002585871
002209075
003403662
002108190
001183397
001054066
002428804
000812706
003267849
003049152
001310401
001106070
000858542
002440007
000802621
002346689
002369588
001654596
002516559
002776842
003298658
000674466
003904894
000346841
000970801
003104650
000267827
003882811
003539695
002436181
003910004
001777830
002704403
002498196
001019752
003038405
001425905
003913789
003536044
003305360
000382597
002399893
000008659
003228544
001501617
001201697
003885161
000958370
002662526
001000815
000017877
001161782
003913943
001105333
002582516
003199385
001393630
002653215
003131015
000566726
003814993
000910268
003812861
001655622
003461210
003543523
003354989
002716520
003908874
002463641
001396776
000662990
000350825
003075137
003513333
003781628
003183509
002990865
003004773
003743140
001150239
000701303
000877749
003884650
002278412
000465924
003157428
000960135
002544987
002045444
002718620
003421889
000952474
000644492
000468891
003461343
003004486
002354159
000011281
002564262
002476648
003416205
003530109
003778113
003211380
003404809
000304744
000955166
000859869
002488880
003273831
002134411
002365652
003081349
003860739
000701369
000682856
003226131
000272483
003849744
001820782
003849374
003264043
002301058
003445305
003846205
002989733
000843357
000730599
003353265
003150538
000920797
003831314
000220843
003384098
003276242
003052187
000706947
003285997
001117814
001529140
002386768
003831457
000019792
003273119
003429431
000853937
000605943
002059740
001630809
003386897
003888544
000274937
000642780
003502296
002173283
002294477
003857119
001347319
003740297
002592435
003821658
002028715
000010683
003900420
002109458
002703858
000474549
003064963
003503575
002497519
002497519
002497519
002497519
000838131
000286021
002713657
003508156
003014402
003773221
003508154
003266068
002023117
003763186
003201881
003302352
003873927
003792950
003004821
000488717
000106516
003879136
000364728
003889957
000919068
002664136
000260141
001715753
003165624
002089052
000483887
003433949
001122211
002123574
000499813
003119310
003433415
002646863
002880738
000933464
003586760
003595079
003850007
003585618
000399029
002802993
000613686
000995157
003224738
001145930
003040592
003479319
003199144
002113751
000007423
001022770
003537567
003089182
003379474
000929006
003292029
003255163
003086638
003529170
003526194
000977711
000380646
003183296
002576371
002527035
000076974
001020649
003363452
000651893
003245305
000815402
001031191
003776449
003541165
002315958
002189761
002630871
002110342
001533094
003594063
003048544
002670563
003865448
001043340
003852612
003043342
002276876
002186394
002860538
003450043
000501217
001119596
003403925
000034903
003541008
001408417
001737209
002543432
001743008
003017224
000140080
002316080
002641128
000523578
000656408
003201033
000979435
003224853
003592280
000366076
000799080
003156950
003846640
003835237
003859221
003004711
001998840
003118056
003857566
003298718
002803171
003277472
003852690
000093874
003594115
001496923
003074930
001123699
003362419
000332513
002542181
002811664
002677677
002581269
001517826
001314667
003271648
002246494
000061910
000633897
003153355
003154780
000040802
000842242
001774994
000378086
000611568
003003748
003534484
002582713
003078294
003497917
002046296
000317810
003744073
003596032
002237270
002693904
001987862
002871753
000631092
003287105
001458277
003467496
000217288
002522033
003102683
003849311
003546323
003767524
003531386
003415305
002993364
000799671
003087515
002744624
002653072
000402145
001223244
002237691
000697724
003816041
003013570
001672551
001063577
003446058
002882672
003501990
003052835
001754209
003010440
001861021
000383161
003856349
003510798
003593425
002641242
003384932
003456037
002707416
002808105
003815935
003405329
001104362
001143039
000794271
003053333
003003204
003229998
003090546
003842478
002840905
003362428
003843845
003807457
003763406
003586771
000875134
001703770
003794952
003465088
003600113
003776844
003837414
003772985
002372809
002803332
000605799
003357064
002322039
002277473
001464090
002186318
003836413
003547534
003745655
000618590
000718211
002877775
002783918
000000628
000407393
001851038
003379141
003198464
000757001
003824164
001132570
001630850
000813503
000628817
000705118
002481703
000305957
002546976
000101649
000992145
003834513
000742177
003363020
003309216
002233218
002460606
000859613
002435525
003149977
000112306
001192273
003199640
001501568
000990145
003266279
000794268
003222954
002237522
001580276
000591231
002246053
002744302
002122255
003479782
003391446
000530463
003759777
003094225
003785684
001944960
003525371
003126467
003540667
000473938
003794398
003153234
001419111
000297651
000627747
003116374
002748201
000377563
002811768
001820996
002664313
003543584
000893165
002007635
003597411
002644630
003448255
000036097
002528909
003141209
003069494
003781630
003261663
002302752
000045862
000318979
000410115
003139665
003215088
000912220
000562430
000364303
000441792
000175305
002232952
000365242
001709601
002428568
003383453
003597222
000606793
002445228
002460606
003599990
003118578
000110332
003363550
003467431
002972337
003264032
001080303
000644574
000472259
001007584
002701182
002547373
001398107
000976768
003376895
003091330
003812086
003132337
000826403
003492576
002763437
001565990
000454992
002805806
003588605
000350397
000598819
000782652
003473193
002003950
000038166
003455126
001820868
003263570
003454784
002784770
003042923
000669116
001868990
003306165
001097365
000538144
002599507
003117360
002302526
003539133
003392492
002169439
002761139
000799134
000424083
003160622
002303942
003118808
003601812
002881199
001617451
000825369
003526429
001391637
000243937
002022022
000366044
002932810
000596897
001588226
002225388
002385868
001040036
002099421
002073052
001868808
002859941
000428008
003548133
003024234
003304801
002882076
003583227
002879066
002324176
003479692
000601351
003526153
002093983
003743307
002044060
003309991
002696596
000931020
003536282
003398468
001175736
003024544
003041955
000132941
002038354
002242500
003353888
000808456
001109794
003092217
000820639
001536658
003760667
001653554
000606740
001136673
003751827
002395277
001015031
000816001
002146293
002980103
002579861
003743925
000227662
003410076
000376435
001783346
000471590
003127025
003206064
003122869
000891025
000864556
003456083
002146642
003489538
002648334
003473079
003185207
000439024
002840864
003537096
003477929
003063934
000278844
003063934
002579183
000997016
003148436
002841332
003054903
000325246
003533937
000031816
003489684
002662627
003246962
001695092
003224856
000209077
003383620
000241869
003103983
002637489
003076034
001519783
003001837
002522636
001816060
003286742
003543324
003404418
003546873
002985053
003525342
003522392
000421288
002653191
002338927
002538207
003027828
003537691
000291845
002492817
001428043
003068857
001580636
002387624
003384249
003528868
001998218
003479817
002108190
000348677
000900782
000880469
003382913
003473387
003404611
003455671
002791287
000032195
000479866
000626305
003447887
003008392
002136245
003404713
000855225
003080651
002989918
001617432
003461973
000476963
000542774
002452220
002471858
002988587
002087252
002811175
001332211
002745257
001064875
002362167
002380248
000618946
003481490
002186390
000643459
002347646
003183209
002604134
003302308
000923095
002541323
000674090
001743008
000904644
003024500
002740380
000586587
000324884
000247057
001033200
001347512
003383183
001709547
003045951
001119283
002092701
000035615
002525699
001990984
001800790
001318124
003268016
000883730
003280816
002094353
000740007
001717267
003518029
001291288
002467731
001678379
003073040
000475893
003288806
001540045
000707102
000254585
003481945
003518369
003215944
003121496
002409573
003450835
002592444
002025949
003382484
003072427
002017722
000685535
002058399
003518912
000758924
000038529
002899665
001499623
000000633
002032690
003502133
003206895
000450968
000069785
002383423
000806152
000045862
001808659
003122292
002113334
001301410
001138894
002622295
001998942
002565204
002997321
003512484
003430278
002062672
003270212
003010450
001628400
000666049
001814897
001317249
002110483
003397518
003423066
000841339
003045876
001687456
000795220
003368390
003310467
002813496
000401742
003022148
002162459
000734652
001868767
000041828
000076212
003126261
003295926
002703664
003494746
000319715
002510035
003159839
003309223
003309238
003265749
000848578
000750307
002257640
001501207
003166156
003217352
003115047
002598307
002612899
001841997
000675297
000529165
002742517
001019402
003201568
002305167
002596501
003246542
001368065
001458954
001139177
001280148
001542226
001055480
000009962
000009962
000968446
002494624
000009962
000064513
000103987
001710903
003005918
001742618
003072987
003158881
002121737
003024902
003473858
001040739
000530233
001531516
003069907
001121835
000453710
002273392
002997681
002357029
002981003
001686285
002131816
001518455
003153390
002296032
003055141
002305297
000377569
001065954
000048571
003492360
003393050
000852920
001134240
000902987
002206200
002107263
002251667
002078685
001609631
002285049
000997058
002253936
000066200
003407956
000754630
002333107
003145269
003131876
002095924
002036885
000098513
001286948
003183223
003287993
000186242
003401306
000388602
000624166
003294326
003450373
000918555
001330264
002078128
003256215
000697741
000743235
001566006
003473175
001531012
003211239
000298806
002736193
002253897
003224906
002754927
000787943
000660705
000671119
003183273
000296160
003067007
003297892
001850388
002933062
001432013
002774654
001227307
002470475
002435331
003426539
003019915
003356308
001944106
000430647
003042874
001453752
002077973
000786346
002173922
003391310
003376908
002354072
003413677
003388235
000282017
002448114
003134764
003381459
000718337
003376026
000809236
001006374
003461445
000223496
001218205
001630100
000029332
001825145
000701166
002903414
000296160
001733243
001017572
003066490
002802793
002729061
003361914
003376898
003060198
003104587
002657769
002303692
003392594
002216356
000232720
003093006
001365952
000654021
003238407
000876275
000918287
003391855
002022727
000006451
000577083
002871382
003081302
002385777
000757269
003139749
000519697
000358690
001518538
002031680
000852965
000309854
000279903
003309232
000776246
001479399
001134062
001747855
000579458
002401060
000648155
000039603
003060311
003082708
002174153
002277482
002278097
000379007
002972614
000005991
000785494
002247721
002492944
001506751
000966995
003110866
002641127
003280794
002561625
002488843
003183244
002198411
002608313
002128979
001055197
002006069
002332483
003206131
000212673
002575057
000115674
003029418
002189837
000698038
002628396
000116145
000112828
000519709
003149192
002001773
001234567
003441134
000264008
003391792
000320156
002295082
003052835
000574439
003148537
003298411
000576406
001126246
001317214
003094031
003020443
003362448
002395296
001132360
001437242
002750805
003087020
003132284
003210491
002714003
003441107
002399709
002494857
000068983
003246020
002126409
003291946
000886206
002976972
003024876
001861336
002802920
000705989
000601376
000759185
003288005
002445407
003304354
003365642
002551619
002596176
002804046
002577228
002586930
003240501
003306500
000423638
003089182
000544082
003028304
002571324
000435476
000704807
002219329
002219329
003002935
002883077
002025794
000705113
002530758
003308478
003384524
000908888
002519575
002187281
002211030
001583573
003259315
003396688
002432077
003159181
000080416
000677436
000416441
001194078
001402890
001476279
002492949
000128888
002747174
000127988
001207689
002286742
002879430
003383511
003154062
003256165
003195617
002994293
002435769
001317618
000794785
003356994
003224888
000856419
003276227
003253332
003387651
002210100
002354208
002044346
003151831
001667128
000931212
002710626
002398155
003083381
000988812
003057890
002410218
000481633
000135172
003383321
003015626
001535804
001740686
002025782
003378646
003260544
000418477
003367854
002380575
000655970
001418713
001517827
003255054
001046935
003042155
003410252
000033134
003269200
003397411
003441856
003207314
001077837
003301931
002005538
001701838
002091411
003165150
003302604
001530829
003384190
003165150
003119286
003127414
000691917
003094152
003269495
002882789
000392917
003260674
003246501
002741613
000645389
002586926
003363451
002981950
003051892
003303172
000039409
003210473
000039409
001435953
002541754
002303919
003165544
003393276
000032602
000819621
001046027
003388976
001300504
003382468
002464120
002081936
000069622
002160301
001742417
000668172
001045114
003415857
003236779
003250767
001776673
000941876
002624070
002464381
002498580
003250924
003050199
000002221
001144697
002748998
000757121
000262241
000682377
002452411
003287080
003150478
002202773
000764968
003415261
000069170
003415663
003387666
003089182
001573435
003277802
003281974
003149196
003070779
000763071
003306831
003201205
000793428
003288842
001013574
001997820
001855699
001855699
001371905
000032787
000944886
003370133
002145931
001131742
003010775
000073959
003396899
000395121
002651665
000835684
002749753
003077503
000754525
002420770
000449287
002597663
003381968
003046179
003044271
000867563
002331830
002160144
002424396
002743949
002670541
000504987
000425374
003276017
000216203
002231754
001313191
001108301
002312529
000030210
003209674
003039930
002551286
002605040
002336638
003287340
003070000
000987792
003134431
003393265
000659616
003269010
002773328
002803661
000111484
000705793
000847780
000099477
001783902
001311448
002522622
000541753
002431870
002365812
002997915
001669537
000599813
000932987
000474716
000343748
003208708
003161269
001442515
003102345
003291209
001439898
001853393
000753870
000686736
003222303
002257630
002253922
003165905
003104003
003165197
002202126
003388628
003070802
000148730
000856660
002502326
001592469
002347594
000585852
002079860
000890032
002899752
002486513
000597704
000385977
003037162
003149195
002327150
002808550
001647302
002662316
000745724
002699693
003285993
003230409
000072086
003069600
000023635
003269840
003024946
003255922
000763767
002091859
002293931
002802992
003253841
000995802
003271607
000836398
000536189
002520987
000545258
001352515
003302231
000624309
003214302
003050465
000651847
002747250
001095700
003310530
000676702
002989056
001743202
003256905
002754478
003125709
001005472
003287437
000110020
000111596
001087908
003128448
002960179
001327938
002171514
002980022
000994430
002191841
003081427
000157148
000889742
000517295
003292032
000230993
001763194
003045935
002303691
000795522
003302234
003211806
001845876
002358098
002802740
000449106
002609352
003083066
003025700
001478543
000809175
000595866
001145189
002006069
000383711
001718388
000681937
003160794
001609704
003269610
003160293
002042627
003202407
002574326
001826466
003018656
000612336
002596638
001686724
002995272
002545331
000884847
000066386
002551163
003031142
002023045
001496662
001028842
000043283
000001200
001135285
000427766
000728013
001140088
001201975
000079048
002668998
000827636
002082408
000981944
001322096
003150544
002439830
001025865
000304834
001630936
000008515
002903631
003294597
002403443
002552346
000815324
001655293
003244824
002073186
003276604
002860590
002559779
002418006
000034724
001157763
001778630
002413245
002874896
000735812
000874580
000852003
001686707
000185884
003199884
002711012
002743157
002284221
002357461
000914434
000783039
003156660
000117544
000099703
001315905
003100347
002053489
001858933
001315959
001042619
000027906
000027906
000776392
003003312
000087412
002808447
000630117
003206461
000467507
000278025
003080128
002146600
000045879
000487304
003204635
003207659
000031434
003305126
002124846
002791956
000370623
001689280
002445644
002181968
002028753
002347537
000688984
002110472
003062047
002989788
001621568
002143013
002081993
003161225
000646146
001195230
002328188
002658017
000843625
003269535
002704199
000361443
002657691
001713453
003054893
003216255
002273060
000788289
002104053
003002933
001820767
000739407
003088089
000479762
002981007
002431791
003043227
002987532
003070443
001039429
002669049
001049121
001048397
001602718
000940193
001764557
000649308
001647205
003148536
003194796
002273604
002373227
003024844
000712087
003153873
001598621
001029535
003094909
002414425
000933328
002354087
000682676
000764154
002113162
000529541
000529541
003287338
002959900
002981087
002209166
001442131
002344379
001561740
003211740
000774483
002509783
002179161
003231691
000780329
000931009
001308848
000213726
001499407
001127303
001188957
000162707
002477183
000625827
002609068
000577492
000788231
003044291
002171254
002762480
001763416
001177870
003185198
000334062
002507830
000301276
002549282
000148981
000893125
000603891
001051679
002420564
001710969
003128161
002136835
000056878
002461199
003067720
002504345
001689018
002319750
000113888
000867549
003098288
000634050
003150729
003024300
001310815
001602873
000042719
000779118
002375052
002136835
000497995
002237412
002354610
002146826
002998168
000296065
000155730
002181523
000072682
003137588
001868832
000681375
002165014
003117336
003158879
002313956
000743606
002302484
003103986
000470356
001620438
002382164
002491363
003048521
002298548
002315472
001670902
001670899
003082426
001670898
000514109
002651530
001587031
001221735
002288551
000681601
000295639
001421611
000681601
002221982
001531242
000825696
001608246
001711101
002556279
002581548
001809272
002460983
002093992
000858811
001668886
001677790
001733080
001669304
002555597
003122574
002581549
003080771
002980037
003023501
002226027
001068730
003041955
001138804
000587195
000273254
000523775
001829540
001809740
000621048
000062931
000003704
000848975
002244409
003231313
000470457
002590600
001110035
000069545
002333013
001396659
000455339
000360093
001015019
001824688
000360093
003079072
003074600
002554661
002256768
000741452
003016388
003014549
003201724
001783346
002216108
000474716
000022918
002982309
000496361
000881674
003227621
000516516
003299026
000523473
001598471
003104026
003233320
002053902
001403053
001514760
003231211
001438340
003281080
002134989
001221946
000137297
001573313
003281080
002808457
000440016
000430195
002002888
000172064
000957373
000564067
000724708
001216390
002581762
000032602
000583271
002362400
000816005
002289572
002593791
001340888
003070146
001515736
002994195
001742954
000116452
003247120
000568793
003233573
002987293
000156208
002382515
002536467
003246560
003100345
002980028
003160357
002171066
000247872
003022225
002222979
002807785
000483521
002755135
002160173
002592372
001775114
003000436
002190063
002593785
001990973
002342458
000738396
003052692
000391077
002440164
000001525
001483222
003064957
000430195
003145801
002537949
003121489
003074886
003070416
003158996
000085932
000262483
002572041
002172712
000255347
002203916
002565847
002364477
000647280
001521016
002110370
002270063
000080188
002310784
002046873
000520266
002477478
001812120
001132359
001052368
000654138
003027733
001091965
002996867
000350778
002546509
002526820
002985001
002439682
002747296
002747296
003038465
001294080
002423913
003113317
000494114
003159054
002516579
002983339
003113320
002189921
002355614
001575140
001844156
001751511
002317151
001098538
001751484
000788437
002058808
001193914
000290741
000558283
001531086
001343544
003035044
001628662
000036767
002560149
001243901
002073015
002653243
000442087
000473674
003314579
003314376
003314729
003314783
003314105
003314413
003315189
003314755
003315249
003318185
003315773
003314491
003314211
003314676
003312883
003314704
003313706
003314815
003314890
003314138
003313997
003315043
003314700
003316740
003316811
003314546
003318181
003315046
003314663
003314647
003314145
003314172
003314216
003314134
003314904
003314829
003314316
003313564
003314071
003315188
003312969
003314807
003314590
003313783
003313587
003314816
003315544
003314809
003315536
003314519
003314285
003315396
003314594
003315242
003314264
003314596
003314143
003315131
003314435
003312931
003313257
003315472
003311725
003315290
003314891
003313415
003314151
003314956
003315912
003315968
003313693
003312334
003315174
003315224
003314046
003315587
003311979
003312783
003314734
003314529
003314197
003318178
003315063
003315180
003312916
003312936
003313111
003314862
003315615
003314659
003313906
003312002
003313732
003314087
003314123
003315309
003315153
003312329
003313505
003315183
003314833
003317563
003312762
003316857
003313735
003314672
003312370
003312247
003315145
003313695
003319306
003314677
003315123
003314563
003312163
003314249
003315250
003313905
003314737
003314808
003319434
003314372
003314280
003311871
003314838
003312866
003318175
003314093
003312848
003315265
003314942
003318775
003313274
003317653
003314609
003313955
003315166
003314850
003312014
003313686
003313763
003311824
003314646
003312917
003315215
003312904
003312185
003313297
003315050
003314798
003313497
003318154
003315204
003316880
003313185
003315351
003315132
003315376
003314327
003311766
003318190
003313813
003314425
003315155
003318533
003323746
003323627
003312731
003313835
003314480
003313933
003314864
003312890
003324577
003312000
003315237
003314616
003314511
003312097
003315597
003315176
003314766
003313076
003314575
003314507
003312719
003314589
003314939
003312200
003314257
003314322
003314384
003315164
003315102
003314185
003319217
003313095
003313012
003315073
003314219
003314051
003315523
003313330
003313300
003314474
003314905
003315682
003314618
003312344
003312260
003318176
003314442
003313622
003311726
003311894
003314380
003312536
003315372
003313436
003314571
003315149
003313980
003314509
003312109
003315511
003318278
003314512
003312304
003315598
003318587
003314698
003314144
003312702
003314788
003311935
003318498
003313765
003314921
003311918
003313459
003314281
003312381
003315358
003312776
003318550
003315016
003311757
003314785
003318661
003313917
003311784
003319227
003315377
003312005
003318892
003313846
003318670
003312787
003314067
003314150
003318402
003314642
003318212
003319274
003312193
003314995
003318747
003315324
003319161
003315379
003314633
003314713
003315489
003318144
003320043
003318050
003315211
003320378
003318196
003315120
003318893
003318895
003314966
003315257
003315157
003312176
003313403
003314271
003314765
003316695
003314877
003321166
003315545
003314251
003313089
003311743
003314929
003321577
003313315
003312449
003311999
003311777
003312581
003318811
003313789
003319486
003318596
003318596
003313881
003312377
003315110
003318408
003319437
003318711
003315117
003313171
003311719
003313404
003319033
003318447
003314345
003314129
003315378
003318467
003312672
003314168
003318268
003318123
003318798
003315392
003315413
003314354
003316242
003318303
003313681
003313152
003316945
003321487
003321930
003319566
003314033
003319576
003318642
003313279
003313446
003313584
003315851
003318588
003319163
003315236
003314306
003312816
003320801
003311892
003312628
003322601
003318053
003317789
003323034
003315326
003318603
003315427
003312691
003312233
003314131
003315234
003313692
003319502
003320548
003318584
003323227
003323227
003318219
003315680
003315757
003316929
003311847
003319395
003323588
003314097
003323221
003313390
003312532
003318459
003314115
003315437
003323167
003314873
003313596
003314826
003319066
003315685
003318234
003312322
003319606
003321492
003317025
003319481
003322097
003314744
003314800
003315467
003313896
003319829
003313112
003313057
003318330
003312255
003319007
003312871
003318197
003312882
003318562
003322866
003314603
003313852
003311775
003314989
003315182
003314381
003322095
003312797
003314662
003322568
003323620
003321614
003315479
003316472
003319612
003314669
003315076
003314496
003314945
003318125
003313198
003315196
003314140
003318932
003319126
003319475
003313850
003315366
003313720
003318382
003319565
003322783
003314608
003314644
003318441
003323507
003324161
003312323
003313469
003315011
003318224
003318153
003312584
003315337
003323462
003319382
003318238
003323749
003314506
003317466
003314847
003313923
003314255
003314869
003315415
003323752
003314625
003323186
003323187
003318206
003322569
003324060
003312314
003324262
003312180
003314127
003312789
003318156
003323369
003324827
003318818
003314665
003314779
003323703
003317522
003314740
003314441
003323522
003316023
003315951
003315929
003316022
003405257
003441326
003310450
003450302
003367889
003415087
002984177
003237220
003019970
003165907
003225911
003046387
002994395
002937283
003030570
003032426
003070041
003051909
003189806
003032238
003206698
003066230
003067187
002995271
003167183
003067043
003044249
003049945
003038386
003001863
003002303
003064053
003061846
003018541
003149951
003037205
003019247
003167515
003109814
003186229
003069705
003066581
003035847
003104648
003073315
003048089
003035846
002899732
003059096
003022192
003028927
003025076
003043754
003024464
002996873
003007533
003079382
003027465
003120272
003004756
002981214
003024959
003077398
003395386
003024911
003319101
003067186
003067186
003362967
003225606
003061372
002095920
002563081
002737882
002391293
002376541
002551696
002181530
002211047
002464222
002189858
002453041
002556636
002543629
002646801
002195284
002096247
002527856
002303649
002073066
002372959
002176537
002313236
002085514
002070613
002428808
002290258
002750809
002806233
002777419
002616654
002462519
002187320
002594302
002571017
002210877
002385892
002500236
002369788
002187717
002424224
002291215
002312064
002252969
002594114
002232711
002317680
002537880
002519593
002082417
002253859
002586596
002461007
002195226
002119768
002419868
002373825
002638175
002170876
002372986
002118401
002471979
002207045
002403380
002727443
002294104
002237569
002380568
002667742
002580726
002560352
002860602
002223134
002412026
002710655
002580572
002174333
002278198
002276583
002216069
002283253
002543013
002078049
002336621
002257355
002230797
002529691
002167542
002136062
002585931
002300976
002184845
002442266
002294011
002523871
002573989
002151022
002292597
002409071
002378605
002371414
002108753
002218261
002298877
002097299
002127922
002462512
002190979
002425110
002361581
002739661
002775102
002078737
002492795
002195284
002105409
002431890
002803183
002072891
002727443
002628092
002217879
002248292
002419365
002662226
002228717
002133751
002091316
002466261
002198795
002477426
002208954
002181532
002790967
002608533
002106046
002278649
002380268
002628401
002259302
002070548
002879467
002186398
002686075
002416015
002248536
002158659
002161515
002569005
002761380
002133629
002338184
002147602
002707509
002206376
002573382
002119710
002587091
002187810
002251530
002564122
002532975
002486682
002286748
002735592
002067633
002425110
002198236
002347305
002380219
002692402
002435597
002300553
002882677
002201335
002470349
002078854
002140886
002393639
002509125
002387613
002482512
002381000
002625968
002495382
002253902
002530463
002069131
002231906
002518428
002609273
002092017
002389485
002110518
002159126
002354787
002206330
002302013
002104713
002321370
002508174
002559772
002094217
002808054
002587046
002546663
002244709
002174149
002856920
002128948
002573918
002094982
002133752
002321338
002466119
002124715
002316032
002290031
002157460
002287959
002399648
002350846
002779784
002235854
002662365
002212308
002290998
002359717
002697518
002599702
002388605
002445227
002551811
002497472
002229841
002497299
002299185
002375082
002783912
002379647
002327929
002293894
002379924
002416015
002547233
002220474
002350679
002546603
002741582
002253004
002098445
002445614
002448635
002628479
002231714
002353408
002094368
002285198
002314831
002301045
002694766
002366101
002596135
002154367
002290524
002279294
002491368
002510790
002295183
002416015
002182085
002140790
002424241
002156761
002127883
002082387
002408071
002556511
002493009
002424325
002364033
002095842
002416015
002498296
002550572
002101350
002110492
002410104
002095927
002543391
002158295
002140505
002565120
002235468
002232711
002509509
002298687
002653140
002113769
002332531
002218350
002381160
002163778
002140686
002302804
002101625
002354643
002537956
002346880
002253031
002240117
002278052
002879172
002349906
002451131
002385871
002312377
002481058
002086702
002271234
002466162
002237443
002211355
002386590
002324260
002155123
002721135
002238987
002247643
002501627
002462522
002312607
002589598
002634251
002199346
002363115
002146679
002646816
002220346
002107917
002332253
002747208
002141840
002398206
002489425
002277578
002525697
002494494
002387313
002445358
002118153
002401076
002477474
002492953
002394191
002293750
002181854
002615592
002535077
002667868
002083696
002879315
002317049
002316105
002099714
002572641
002130501
002189824
002131810
002176477
002128968
002445618
002779509
002604352
002370829
002509402
002385777
002201160
002651531
002552467
002375484
002164706
002634251
002571343
002276866
002874655
002568590
002239042
002542231
002495381
002216011
002387251
002160295
002550530
002525698
002181894
002102747
002614298
002293775
002291239
002223281
002425124
002391301
002428853
002416015
002258535
002130570
002382519
002482882
002106847
002254214
002615377
002551081
002104298
002396368
002327925
002301005
002240129
002129015
002359431
002131636
002782963
002229021
002394860
002228143
002529693
003461928
002284385
002302517
003204578
002524161
003537666
002226011
003116086
000035394
000150096
000185588
000036850
000109288
000016174
000101770
000013885
000102699
000041601
000051312
000190037
000025873
000133907
000069598
000053296
000006604
000053436
000099477
000068209
000050091
000031818
000200164
000022674
000150310
000049769
000001022
000020763
000050846
000031818
000025302
000120148
000049564
000131701
000070511
000069609
000183630
000197816
000145384
000002734
000011520
000079671
000036924
000045340
000038570
000030791
000182073
000200452
000019281
000019821
000062592
000081639
000021295
000032364
000038157
000050788
000080338
000196451
000152260
000180466
000049413
000116577
000154058
000051262
000013429
000050354
000031237
000027756
000137887
000154463
000011969
000099032
000050873
000023964
000138261
000020636
000116560
000036433
000068628
000177445
000185798
000044326
000064859
000083221
000124164
000089151
000004684
000066779
000114584
000097003
000002762
000040812
000132297
000044203
000035199
000118375
000049314
000099589
000110227
000152495
000039472
000035312
000029983
000031237
000035486
000097675
000068715
000175543
000020075
000033476
000035943
000077937
000042458
000184145
000107709
000083395
000175821
000057646
000050076
000020931
000072567
000061762
000152647
000041870
000035911
000069622
000095374
000039592
000045061
000096306
000076979
000191808
000058929
000028053
000064663
000085460
000017412
000038555
000035371
000068620
000025073
000043543
000055979
000033322
000034232
000182566
000145178
000053117
000088981
000115183
000065430
000018469
000013748
000157278
000088267
000143496
000098885
000128391
000015136
000022836
000162416
000055979
000025507
000106463
000073582
000019269
000042610
000138113
000103335
000075522
000050873
000030912
000032166
000049887
000196327
000010160
000029834
000039131
000151988
000020561
000003821
000193851
000137221
000198966
000031197
000103643
000118303
000131918
000019281
000146570
000005278
000012238
000139621
000088465
000056644
000081074
000029290
000000866
000199190
000183134
000006463
000031197
000095459
000007533
000054811
000003671
000029382
000157592
000028507
000022836
000199089
000053436
000058562
000056588
000009860
000087939
000100130
000082360
000093546
000130878
000104779
000064460
000032178
000034729
000009505
000101078
000050873
000048140
000003725
000040854
000028586
000005991
000070019
000050375
000019822
000049283
000091976
000040434
000088267
000175364
000014643
000043478
000040354
000175226
001065547
000471980
000738296
000823325
001834004
000456482
000256884
000465343
000824600
000586042
000462040
001034407
000976392
000447308
001001340
000235713
000264246
000532463
000602375
000778057
001357477
000662161
001820739
001758878
002050199
000666612
001449161
001028913
001505283
000282842
000305963
000628857
001018919
001679033
000620230
000233772
000343177
000683148
001009135
000648064
000997006
000873897
000469838
002020722
000777597
001549425
000621065
000933102
000838210
001014965
001121898
000317893
000769537
000781573
001802732
000273031
000540440
000328228
000894634
001440353
000472319
000537345
000799781
001107635
000247888
000978476
001272952
001293250
000284147
000530418
000622205
000861721
001422792
000940433
001496836
002025195
000411321
001692686
001808350
001832226
001469668
000558850
000933286
001185364
002044678
001444772
001832091
002047566
000660834
001615568
000607507
000763767
001504886
000721818
001324984
001289023
001630746
001574773
000812977
001366334
001650856
000846592
001115218
001531159
001692199
000294235
001066984
001156037
001838115
001701838
000322481
001325275
000767108
001099270
000504875
001783349
000807190
000483604
000719695
000728284
000735267
000890917
000810798
001172656
000540292
000247489
001093243
001539701
001686569
000549755
001265492
000572442
000935769
000468679
000968316
001017549
001302437
001483191
001653856
000879786
001015048
000731970
001314281
001663695
002053584
001783986
000533707
000858994
001615687
001697273
000525197
000684648
000845272
001142856
001409604
001554543
000292189
000724736
000947963
001293083
001677204
001000787
001487007
000386418
000972263
000830773
001010434
001123795
000689958
001248529
001828735
001000788
001238786
000471707
000559290
002007326
000606652
000568894
000607662
000772542
001064175
000245231
001783892
001808184
001209416
001056079
001487641
001636348
001775964
000338936
000232356
000450063
002053590
000737162
000376685
000901192
000763881
001177104
000994519
000423776
001831200
001178084
001055199
000551879
000253635
000570366
000753320
000661633
000990903
001119200
000439105
000235713
000889813
001152808
000998191
001115459
000992306
000689643
000925069
000995695
000497678
000520582
001513523
000942427
000700154
000413110
001797618
001565070
000205491
000737551
000952262
001345053
001353305
000492481
001856358
000784569
001201579
000205508
000455920
001816782
002042652
000646716
001448043
001658643
000859184
001103746
001543268
000322211
000427296
001364137
001289113
001628931
001703132
000843662
001222383
001460996
001850714
000409390
000714890
001053155
000739369
000516532
001631026
000614940
000964923
000412295
000861607
000667395
000852491
000996864
000845914
001537140
000755526
000405878
000992157
001325148
000414155
000578638
001670398
001853129
000755711
001441605
001053102
000867275
000496352
000841343
000831947
001024504
000711018
000958560
001717548
000898428
001039662
001246320
001655606
001713931
000287779
001103209
000639599
000826935
001019179
001145593
001180850
001463985
000535416
000744484
001686794
000338188
001010893
001190587
001307507
000543143
001821170
000240347
002055251
000410369
000204813
000879591
000652591
000787098
000896025
000981838
001837900
000690020
000821961
000245178
000824251
001369822
001311791
001749973
001751389
002031019
000810883
001104182
001718330
000601714
001713454
001793588
002022288
001685966
000676389
000751502
000517102
000690022
000554730
001138017
000520629
001594032
000509363
000788245
000416067
000263509
000390494
001066375
001053807
000985582
001461299
001734164
000318629
000466138
000793019
000760623
000640024
001313092
000624850
001182757
001112235
001412318
000889867
001246849
001518781
000378990
000609307
001002226
001477597
002005601
000381391
000621109
001099190
001837670
000709184
000697317
000428008
000511359
001588292
001485962
000454957
000203468
000219691
001155985
002003881
000204564
001204140
001854154
000575164
001133980
001821083
000635602
000855239
000301419
000547318
000581399
000393341
002001660
000772623
001662111
000684327
000918285
001060773
000997071
000877521
001647160
000642704
001325129
000298601
000363795
000597592
000872926
001182591
000879590
000929577
001447157
001830701
000252182
000551820
001222807
002006143
000918189
000961553
000877362
001003162
000571104
000711601
000663584
000568894
000992306
000920632
001038474
000353596
000482018
000654141
000897218
001198739
001250328
000605002
000871774
001859741
000317723
000403549
000963122
001061716
000478578
000775353
000364882
000467535
000469933
000632813
001391524
000564635
000747671
000838180
001694553
000710905
000694893
001129185
000231842
000595655
000760216
000705547
000444450
000612408
000654180
001829097
000436501
000791104
001354382
001324030
000897003
001645853
001769093
000968450
001413562
001535755
000844426
000560029
001497003
000660785
000901151
000235924
000569020
000526740
000241673
000624428
001071976
001526544
000783011
001511284
001833138
000243669
001057742
001439836
000857802
000920753
001763462
000714910
000568894
001825137
001987079
000767814
001005120
001305159
000878816
000956270
001011685
001325167
001401652
001689125
000968642
001819911
000738574
000978313
001265850
000550134
000977339
001038571
001676636
000952294
000633753
001763916
000507423
000765075
000480416
000497297
001130152
000959743
001347605
001780091
001995221
002010619
000596640
000684734
000680659
000985937
001747191
002038375
000634694
000896240
000809990
001041016
001023376
001017197
000997911
001444819
000576427
001154046
000560360
000254402
000516487
000729943
000751211
000565424
000413099
000749832
001151786
000421190
000587165
000424673
001071943
000734652
000852561
000370948
001867431
000397381
000706887
001017341
001139168
002032279
000532723
001533419
000782595
000933479
001445355
000219723
001002236
001496849
000259040
000933378
000735594
001776640
001793759
002053949
001713475
000956867
000955220
001793777
000555257
000945031
000929131
001039623
001124117
000287568
000587694
000602389
000717148
001527777
001844607
000516491
001851038
002022550
000754112
000801287
001301053
001503745
000270499
000888793
001026727
001657894
000653070
001298757
000509375
002002183
000520543
000812055
000328071
000809124
001234516
000507423
002036064
001293545
001697047
000791627
002058157
001806691
000623878
000768977
001389900
000578490
000511096
000766151
000752586
000994359
000737238
000931146
001021123
001850755
000685715
000884820
000801385
001777956
000540556
001434339
001032456
001331752
001628478
002041357
000329525
000621119
000482306
001352545
000910417
000206440
000340831
000583099
000953824
000815149
001041205
000990298
000602460
000703742
000832786
000228485
000613485
000940188
000632397
000762948
000810078
001627605
001059609
001499517
002038872
001461087
001825870
001043259
001305244
000988741
001305178
000885072
000553814
000356542
001301747
000855267
000796492
000850523
000461813
000603983
002039417
000729461
001832793
000960358
001245776
000647218
001024616
000500066
000730402
001126467
000352015
000420366
000608514
000781403
000796529
000916716
001062146
001305347
001287719
001064962
000529401
000523578
001631044
001458287
001806747
000769311
000908684
000305827
001763612
000328267
001143298
001305105
000485963
001865448
001345053
000545690
000857794
000831940
000766061
000955009
000880617
000994259
002044493
000834901
000278834
000766081
001067529
001717369
000235394
000300833
000536143
000630106
001251720
001239937
001341437
000822338
000997010
001496837
001713888
002037888
000891146
001028902
001543596
001835135
001855444
000392384
000549581
000603006
000690945
000963195
000918782
000976560
001231637
001329917
001307603
001061366
000989422
001004379
002039868
000497102
000714827
001291676
001045104
001519965
001059089
001430233
000525131
000766159
000663807
001245071
001153501
000778028
000502567
000792729
001432985
001293336
000360700
000420727
000733650
000963027
001319252
001684040
000372902
001831842
000220608
000449529
000681660
000877258
000880516
000836446
001040883
001415398
001778353
001837728
000802788
000424083
000547610
001017323
001847923
000315687
000963083
000232026
000804304
000300829
000360045
000559765
000587372
000631031
000785178
000719642
001051006
000283959
000574628
000622217
000764308
000754327
001103718
001272339
001106040
001579313
002018423
000872872
000422559
000616068
000928830
001262904
000639855
000857571
001077470
001367270
001825877
001864289
000759010
001112667
000824277
002001773
001006914
001492610
000769355
000750184
001119141
001013674
001466947
000737516
001326613
001615936
000522405
000552458
001001390
001285700
001694396
000794289
001245071
001443302
001112011
000576569
001105697
000360620
000810909
000397223
001034553
000969746
001328359
000470862
000431966
000508562
000312070
001784176
001598610
000876329
000332292
000479744
000626565
000652981
000498963
000976506
001116178
001868808
001263097
000605023
000742447
000875392
001001302
000361544
001433239
002024778
002004635
002058694
000601868
000403899
000473447
000756879
000910603
000609050
000744510
000693240
000866336
001029756
001147858
001590007
000938069
000360608
000684830
001455056
000547781
001023275
000526020
000586819
000764674
000754504
001056789
001583577
000353142
001852119
001092635
000956206
001156358
002018815
000400773
000430443
001143810
001133690
001466081
001039397
000973311
001187419
000434854
000431493
000724684
001015776
000832964
000784202
001253899
001542165
000310425
000392951
001144028
001488352
001769040
002059170
001629788
000574439
000938051
001145919
000771274
000374362
000763973
000521997
000751001
000438906
001038663
002059266
000486893
000549797
000622937
000230198
000554564
000579697
000684368
000637441
000340562
000405846
001332697
001084963
000979384
000885185
001355143
001820542
000385872
000899762
001223263
001315566
000504714
000244541
000887307
000516223
001326593
000607573
001686184
000566084
000933503
001085833
000978601
000779416
000586003
000772415
000677468
000872832
001105280
000656729
000894477
001079508
000685045
000679107
000860597
000823974
001543577
000565411
000609292
001070245
000436473
000885072
000473362
000736551
000802564
000826909
000492350
000675225
001622373
001733293
000708331
000918264
001259130
001535825
000650636
000794444
000898602
001620025
000430304
001315182
001990996
001373637
000811933
000453531
001043006
001295644
000812625
001861271
000991732
001737284
000410293
002057515
000608730
000918785
000767042
000713535
000823147
000702217
001230112
001316076
001825879
000782940
001038465
001062066
001060451
001561049
000605787
000496313
001268724
001688419
001944951
001049109
001733869
001694359
000963118
001400167
001433238
000373258
000755349
001516493
000492424
001053175
001201980
001527092
002049899
001686477
000969722
001350753
000667849
000516549
002053500
000957319
000848557
000474735
000449404
000736090
001474703
000258580
000645353
001265740
000880533
000728975
000896011
001115412
001773176
001728554
000601868
000746893
000692455
000910211
000383797
000453876
000607579
001298056
000319887
000618442
001056994
000499102
001041762
001186398
000549009
001174840
000750078
000356777
000601868
000724557
001047134
000277979
000343075
000809207
001113765
002017323
000845883
000998879
001420604
000910359
001145116
001141851
000516932
001176533
000848557
000570587
001075907
000261893
000858902
000834302
001832339
001513523
000574111
000951540
002042620
002008231
001751466
001733186
000417488
000930975
000833014
000453442
000750307
001359699
001784286
000609307
001630755
000429006
000776128
001152129
002049967
000321331
000496544
000299325
000527708
001318025
001511834
000256540
000972148
001713882
000522253
000529852
001143854
000390187
001444311
000473364
000296439
002061175
001024670
001855564
000623038
000929249
000518253
000647086
000857890
000833818
001265411
000361540
000866265
001099680
000575235
000586546
000729082
000849550
001377844
000618414
000843362
000805844
000220114
000454709
000609905
000354043
000654350
001597513
000210988
001375605
001713712
000815680
000849644
000283231
000970800
000819785
000932800
000571193
000883770
000711377
000749756
001710661
000908733
001019400
000568352
001019635
000949892
000611717
001359081
000321331
001350156
000940440
000427704
001040240
001317994
001472434
001827556
000682238
001997614
000787037
000923225
000923328
001155208
001656327
000569954
001678030
000509226
000660387
001006239
001348633
002029869
000981875
000345256
000643730
001229603
001825540
000230036
000366178
001603727
000235924
000550454
000742361
000812375
001217708
001714570
000215164
000672953
001026931
001498754
000516433
000708201
001443303
001686477
000745740
000914128
000258170
000375232
000544576
000766399
000608685
001237042
000576533
000996872
000236198
001160418
001869010
000503418
000406827
000513902
000770785
000852570
001180262
002030060
000701211
000951722
000791067
001187951
001103353
001258238
000625380
000916713
000303058
000757329
001593692
000403580
000597358
000743676
001009997
001129342
001125973
002042545
000792637
000891035
000988432
000305788
000355270
001690515
002030509
000643623
000417782
001144532
002043863
000863503
000854677
001120431
000929448
000320214
000366137
000578867
000585915
000788554
000707326
001023289
000277785
000330070
001072881
001060487
000588600
000344336
000437403
000766797
001144744
000396042
000579605
001527372
001412362
000489049
000530387
000573287
001597157
000295710
000931014
001150271
000592758
000637121
000889071
000324825
000239439
000711291
001316521
002059332
000743279
000855269
001256362
001999977
001497922
002047903
000679907
002004535
000278048
000956442
001012628
001689119
000765895
000877435
001342746
001291617
001726554
001852424
000455024
000495719
001069361
000779494
000575429
000894816
000993266
001481976
001702280
000689797
000892001
000336937
000474524
000702170
000737552
001202159
001571177
000580529
000428220
000509068
000816377
001716174
000419603
000874369
001109150
001378924
001471800
001480083
001677946
000525346
000590379
001015774
001476329
000487172
000521265
000154285
002806256
000062508
000834545
003453962
000978379
000383729
000184452
000256172
002022837
003376650
002233416
003143784
003246133
000843740
003473433
002101228
001227591
000043055
001107870
001302239
000743628
000000552
001102715
000446619
000388544
003318222
000652415
002276400
003315480
000006511
000502764
000043224
000102578
002137397
000292844
000552454
002609387
002983974
000134474
000134474
000523548
002689728
000572315
001837165
002363426
003501989
000847374
002298496
000708324
000025839
000372955
000453088
000757437
000580595
002697939
000236230
000808421
000758244
000594187
000951377
000097047
001811636
000827576
000397290
002011408
003206110
002292592
002136319
002292592
000644010
000768683
000131763
000876259
000925412
001410364
000077808
002159395
003121885
002999846
000230055
002586916
001793761
002638192
000231005
000862129
000013131
002412391
003314076
003315255
000407386
002304436
003102727
001240953
002484140
002579861
001398107
002756246
003282128
001154051
001406903
002136048
000931400
002277521
000360247
000019985
000668508
000392559
000187694
003060832
000420325
001028842
000284855
002364892
002188724
000476290
001686476
000604943
003450692
002463284
001254807
000020122
001778195
000572402
000048914
002877832
001782182
002026809
000918174
003832730
000353417
000089217
001061674
001401958
000302751
000232720
001621366
000637266
001655422
002732295
001045029
000021980
000007203
003036372
003036372
002580701
003405079
000697617
002191743
000754502
000294266
003362470
001137745
000727563
003037209
002292593
002994735
000687795
002190447
003862025
002742933
000532415
000532415
002202985
000229689
000526734
002195074
000854425
002373884
001011665
000770974
000754087
000030762
000049658
000938949
001800748
002741495
000745388
001316045
002025061
001275281
000019244
002294424
003441281
003249240
000654261
002985138
002107011
001005275
000617658
000085219
002585905
003159286
000771475
000005991
000219246
000219246
000219246
000219246
002135614
000219246
000352121
003010144
003462697
000782587
003222182
000129887
002190223
002217772
002989174
003392747
003392997
000438837
002785318
002544406
002353595
002315552
003208810
002721372
000126835
000503592
001490457
002226121
002620705
001296522
001219916
000541559
000716196
000810896
001627330
002603150
003586762
001029207
001032582
001734007
002113241
000246264
000638839
003382973
002055123
002382798
000104479
001319961
001030964
002198999
000585196
001579360
001561155
000549588
000549588
000064546
000186545
001693879
001085799
001318049
000512307
003060509
003052482
000285698
003311415
001007598
003583119
000743503
003138639
000585640
000886599
002804677
002063693
002457729
003867490
000134851
000799398
001290857
000859136
003538439
003475253
002603860
003832865
002043598
002166917
002592406
002379924
000592205
001229986
000701132
002159856
001346706
001568095
002314243
003811557
000138841
000645946
000183742
000240695
001529145
000039510
000731832
001463530
001051400
002388599
000459199
000586131
000806706
001650496
000296160
000878444
000859022
002151176
000063360
002518388
002396247
000910448
003081368
000029429
000090749
000550220
000836266
000083650
001028581
003448185
000843375
002432390
000025642
002333430
000645908
000746932
002103342
003537665
000396951
003781292
000224002
002211401
001352197
000130871
000609195
000551040
002585678
000560171
003443557
001128957
001027312
001471030
001840679
000912612
001788088
002677695
001838097
002217892
001038500
003920983
000473273
000711217
003291467
000034835
002216033
003455755
000401948
002195057
000877241
001219189
001944557
000032902
000396471
002538098
003496842
002983987
002225955
000617942
002802707
000979376
003201348
003060111
000992334
003144560
000057517
002985171
003968760
003786766
000081389
000745488
001715830
003096255
000492299
001097404
003922570
000742450
000025107
000918287
002027972
003963750
003450503
002160213
000317051
000647557
000422030
000223897
002859902
002991152
000080589
000257864
001639604
001689605
003391845
002073688
000340984
002537912
001395464
001258332
003112965
001367821
001121503
001374260
003840378
002285993
002871224
001824141
001589091
000781686
000792878
001503834
002549545
002722913
003088763
000868459
001997976
002019387
000802475
003811502
001843339
001200978
001686736
002595934
000821506
002093821
001300746
003311932
002489481
001482689
001293441
002271354
003807932
003972618
000223186
002094224
003245993
003813095
000153704
002608302
000876268
000095310
001005285
000441936
001671957
001244305
002500012
000697038
003078437
001251006
003484933
000319504
001320316
002008453
001346660
001027338
002066913
002332481
007520433
003903584
001658328
002783132
002346520
003886692
002984438
000835099
001635182
003314070
003316407
000224964
003317659
001063246
000962788
002503544
000047788
000796220
003314935
000064029
000931440
001846790
000012843
003323257
003314604
003318119
000889866
000063926
003315214
000021047
003313107
003312986
003313898
000577996
003315683
003314178
001836226
003314781
000502302
003317329
002435778
003318281
003312747
000472091
003514251
003314447
000565707
000782459
000969552
003318137
003313658
003315295
003315369
000710138
002108102
003317692
003312682
000197380
003137176
003315347
003311780
001713902
000973341
003315163
003315007
000968303
003315681
003318253
000774686
002239092
003315970
001579548
003315098
003315202
003318113
003319658
003314001
003315382
003315017
002256698
003315068
003323457
001101246
003315062
003321617
000071080
001140223
003316545
003316871
003317330
003314403
003318281
000350658
003311981
003315409
003315287
003315141
003314318
003314403
001058241
003316262
001480192
003313658
003313694
003314098
000499053
003312794
003314226
003313638
003312177
003313407
003314668
003315516
000710138
003314592
003315549
003314527
000663032
000887185
000549599
003312136
000112730
003316531
000052602
003315103
002353570
003314382
000810871
003315294
003318262
001267893
003318435
003311760
000908590
003315248
001059018
000310584
000097051
003318288
003314242
000023001
003314715
003318262
003315683
003313772
000994526
003312975
003318260
003314042
003314806
000697554
003315027
001798757
000562597
001145304
003526196
000233880
003471439
000559597
004052294
003319044
001029205
001079907
000758002
001831061
000392490
002982179
003957060
004069262
002347309
001183134
004079449
003858850
001183025
002356852
000428633
003159150
003960161
003776250
000663781
000710960
000048285
002653030
000918695
003313942
000094096
003253202
002146897
000884865
000767038
003315381
000690945
000534948
001662371
002230848
003035373
000981802
001109107
000255336
001347524
000912407
002073018
000464198
002592815
003314180
002160202
000627472
001055304
000709727
002653105
000756971
001005513
001135355
002255714
002254018
000910807
003087883
003314906
000935640
000912449
002174233
000963343
000210716
003314002
000294148
000549708
003313582
000797847
000685426
003092368
001097453
003314553
001002908
000600741
000865987
000854115
000614206
003313708
000885535
001139811
003318143
000496739
001142879
000467886
003314925
001375317
000698519
000126113
002585621
000615997
000783625
002176432
000518553
002580411
003318250
003313172
000392157
000923194
000918532
003314822
000857370
000490531
000657816
003315129
002392861
002670628
000291538
002279280
001109640
000654855
002735622
000857856
000534079
001728897
003312208
000457058
000760370
000759525
003314088
001114038
002346331
000441047
000883934
000796029
000176227
000041888
000620395
000280957
000555323
002151025
001695187
001573398
003035598
000882368
002141375
003080107
000878540
002740246
000825464
003315235
003315291
000039475
002585620
000892665
000359499
003050382
000738191
000646285
000058787
000552815
002654395
000650882
002055078
000105532
000941704
001107675
002463926
000115190
001313226
003148492
000368121
000468673
000298147
000876218
000148563
000679930
003314914
003315269
000811799
001999096
000334650
003314902
003315542
001046917
000445003
001628277
003206547
000123681
003000041
001609112
002018875
004063789
003071515
000827890
001157748
001017428
001481832
000195017
002609486
001812257
003410068
002580791
000408734
002999776
001589638
002027762
001575361
000453543
000283140
001083755
002017392
001341437
001944712
001029860
001315094
003790791
003088542
001163612
002009865
000653707
003477704
000033590
000385213
001410356
001503662
002255699
001512001
000792611
000642355
001450058
003008987
000811809
002441270
002162392
001661572
000879625
003286330
003543185
000480975
001063153
003160689
001299725
002615418
000648064
000270712
000050777
000032184
003841569
001679501
003278491
000767348
003030146
000803794
002342293
001838349
002125011
000042156
003016797
001834206
003907379
000777849
002514172
000708130
001051275
000316972
003528837
002181045
003465111
001092493
000316721
004285898
000779759
002237292
002032963
001052489
003963104
002045499
001593540
000461782
001131392
000038871
000912291
002729473
003473918
002046884
004278211
000712361
000546558
002979709
002994375
003128209
000998521
000570848
001846297
000095964
001595558
004169646
000832056
002383559
000348683
000526938
002079225
002537497
001042597
001685983
003042946
003545639
002198734
002777835
000042723
000030933
000994456
003091207
002721226
003132287
003078841
000141600
000491982
002127856
000829114
003472172
004295710
000209237
001427185
002524689
004195591
000729666
003745087
000668001
004193176
003100788
000852709
002017682
002017682
003997750
003997750
000240150
002530618
000326534
001023454
002580290
001118670
000756869
003061335
004036176
000378193
004265997
000908920
003961029
000667673
001024472
001019958
001664681
000716041
002672532
002562270
000233508
003542698
004086115
003940731
000009976
000104859
001175156
003093072
000009256
002424981
002294481
004095833
002573084
002573085
002742933
004531650
000998413
000483932
003919480
001302374
000486122
004675866
001520293
001520334
001046960
002146761
003296160
000845924
000048284
000274209
003985860
002321224
000923113
004165499
004282633
001850923
004319927
000003571
000031390
001512003
003106380
000102193
004196365
000111478
000667798
003319224
000133505
001850950
004649301
004942563
004291069
004273707
004658421
001145735
002190206
000281074
000459207
003162930
001635904
000322194
001430567
002167620
001434915
004309628
004668968
001834926
004940789
004903831
003312754
003490365
003084765
003030074
004342039
001650576
001084506
000397980
001593904
000829963
003139237
001299674
004092385
002871103
002804612
004195525
002164299
002283922
002046865
001481076
004916909
001937254
005914960
000081115
000034892
000592884
004208933
003905703
004224532
005288214
001099252
004323983
000375297
002388214
004309678
001749588
002287005
000248707
000630707
002243674
003996854
005958338
001827910
000532680
000317558
000808878
002482159
000946198
000029496
000807095
000514620
000471675
000518746
003537125
001790064
002520669
004167772
003024202
005069761
000541753
001013643
004649913
003391949
002254087
003942371
003876262
004670512
001324988
000621597
003845076
002109455
004297760
002525607
000082507
000078984
001418727
001381672
004678670
000302916
001086989
004445142
000414801
004665254
000487410
003153903
001491651
003815293
005976572
001672951
006203928
006124276
000300385
006095443
000300385
002139937
006125612
000331448
002506786
000534161
001783999
002879198
001271024
001579357
005689945
004166859
001672281
005974202
002608803
001317214
002482938
002110742
002608803
001544234
001842280
002391343
001867114
000966248
001449657
005909243
005911252
003242696
000746756
003745751
001414176
004187934
000730660
002713840
002363384
000144992
000627714
000696344
002748187
000296199
006099679
002470475
003048544
004657301
002302616
005910838
000598269
000904923
000956081
000634857
000557530
000160770
001121941
000792927
000893181
003322867
001119306
002701403
003315218
001850758
002107009
002024705
002303786
000990978
001703162
001381085
001111072
003323919
000876435
002169248
000985887
002029042
003315620
000643967
000005952
001264848
000506977
001617439
000541848
002150966
000788443
001566411
000240577
000240577
000068078
000796801
006546213
000287981
000287981
000071963
000323760
000320512
002552299
003315420
000632639
000898422
003078357
000802598
002427155
002224414
003316244
000471651
002242272
001829386
001565836
001102340
002779876
003086166
002757913
000509220
005874708
004938410
000785382
000298119
003312023
002749161
000254741
000254741
000254741
001337646
003304810
000254741
000254741
001513872
000546373
000084934
002077616
000473609
000630340
000513821
001246488
005873005
001003806
000032951
002720845
000063000
003312122
000053630
003318254
000023884
000101083
004898597
003315101
006643683
001302994
002667561
003415162
005968992
001725430
006387714
006634587
001859139
001250085
000086315
006246091
003905407
006604181
002088998
004653147
005288192
006633447
001791631
001615986
004276126
003793901
003793901
003793901
000266668
003154855
003003903
001356505
002003956
000347277
004666763
002707217
006570799
003231299
000425444
006752108
000455710
005974824
001542214
000566540
003416488
002410974
003301867
001646848
005916856
003463765
000333953
002307368
001432338
000808947
002430433
006557648
002722945
000964408
000334892
003511964
001340863
000205738
006660877
005962203
006791463
006095461
002468203
006745480
006124259
006765540
000536807
000602412
006633620
006817047
006487937
004086759
003542052
003240576
004162316
003051631
000883827
000824353
003051631
001286950
003883060
006544109
001658231
000575337
003929032
005987114
006840387
000475931
003794847
004179586
006768248
002778134
000646091
000316147
003094415
003438950
006699626
001276103
000518854
003260489
001610730
000479520
002344450
001654577
002036047
000413055
002462637
000824050
001751404
001760970
001825017
000159767
000768028
000574883
003025619
000008826
001566566
000865887
001155200
000646745
003269846
001221694
001662314
000048881
002530758
001832868
001702580
000994554
000136794
003006144
000095704
001620693
000026120
001457165
001266235
001834966
001466074
002057605
002734269
001244246
002389452
002991166
000571276
002125951
000221204
001855479
002749178
001869244
002313963
001527526
001343473
001477563
003391923
000120404
002007814
000326032
001867642
000622122
002338543
000090276
001621921
002511078
000968311
001049365
001353275
001179577
000871756
000536650
000757325
000333702
002199338
000470456
003289086
001714989
002024315
000416318
001798387
000956069
001117154
001076481
002841440
001497665
001506935
002138774
000687688
000377289
000323512
002556226
002467409
001179806
001404686
001754363
000751074
001054529
001436044
002023960
002651527
001320561
001244219
000818485
001269572
002536978
000813011
002373828
003479088
000791391
000766692
000403613
000453704
003032382
000573294
000898697
001832830
001142230
000086131
002716672
002169458
002389143
002903564
000716868
003381690
001313177
001061648
002059706
000133455
000856649
001626002
001117942
002704299
003068199
000120202
000745742
002492176
003167481
001133058
001206397
001013927
000075528
001028059
000235873
001423403
002092110
000453178
000243866
001023451
000034758
001319132
000487548
000021501
001271862
001497985
000236233
001219383
000235873
001389937
003413263
000282042
002731324
002697521
000601374
001550483
002641636
002122673
002984094
000218683
001317037
001657003
003297881
000029808
000250897
000068524
002305710
002240185
000075930
003131081
000992368
000722410
001762537
002206848
002199582
002363768
001832428
000112090
000555207
002178454
002341047
000436322
002542709
000143640
002613055
000224529
000424500
000569343
001537062
001549200
003392012
000114617
001049223
000156455
001124991
001481876
001713573
002321750
000562752
000538204
000442219
000235685
000275457
000994957
002092081
001554512
002739578
000964306
000457766
002162990
001255457
003979981
002669336
000492195
001834042
001455053
001289989
000189610
001049550
001061637
000899029
002398326
002468917
001686222
003086977
000595705
000832975
000895656
001320470
000011791
000058376
002415384
001485976
000223317
001093528
002485281
001854177
000091133
001027907
000540913
000073059
000464895
002155147
001487961
000090538
003212222
001332696
000294014
000834869
001697046
001396814
003080601
000777667
002658141
000359472
000748762
001704196
000206085
001006528
002579279
001061305
000906710
000578691
000067076
001628787
006053932
000141334
001726559
001511803
000856660
001655610
001010463
001825014
000587442
001049365
000034424
000218002
003080629
000818735
001076486
001472866
000050769
000089023
001715064
002486492
004232410
003281022
004442181
001152195
000048880
000391681
006799798
002181466
001200169
002248207
001171304
000462650
000809411
003944041
003887691
003989744
000834789
001586590
001777596
004674058
001417933
000769348
002932740
006126443
006823269
002104204
006849413
006838247
006838225
006812462
006872103
004902695
006850848
006816911
005067813
006823361
006752281
003031122
001358579
006937344
006823367
003760371
000762982
006659568
006621831
001376971
000673943
004286781
002587467
006709260
001052827
006791493
004654353
006877230
000822306
006840414
000348308
000231620
006634353
000778042
006714215
001008628
001513917
003744120
001230293
000482477
000825479
006856805
004049553
006890775
002000993
001819221
000479120
006961671
006554635
006868834
006570880
006118990
003909695
001697012
003968316
002448129
002011131
004196548
002747568
003518388
006859801
000133490
000271480
002989652
004443295
002393264
001645430
006649219
005958599
006506872
000317416
006486059
004660702
003824169
002874643
006674833
002359863
006849201
001113032
002597775
000051394
002138073
004068152
006907849
003546353
000210160
001286271
001373424
000944655
006753442
003991610
006620892
006710170
001568166
001074633
001514938
001335788
001100070
000287908
001828204
000019243
002048835
002241052
002053510
000876259
001481254
003354478
001729041
000251168
006856663
004211413
006544353
001751469
006862923
000622358
000856620
000014349
007091176
003240549
001383628
003229352
006715632
002095000
006791428
003025269
001149928
007305469
006026535
000051325
004224821
005973398
005979851
000482317
006820023
004313402
003944510
007084319
000382583
003518953
004147696
003743602
007312703
001511648
000082227
002524034
006619839
006867849
000456672
003195767
000244277
006937938
007018899
006544871
002257263
000009955
001664649
003054959
007407843
000070935
006971611
006812155
002376683
006362818
007312474
000623483
006799610
003375172
007390903
007305057
003502340
003316793
000540650
006466094
000416082
004649351
006575366
007018916
007313751
006054365
004906195
004341399
007424866
007083243
004264959
007425866
004278495
002590214
004898856
006709384
002673488
006648417
006489606
004317767
003491213
006882425
000382549
000733591
007387204
003813169
000007531
003878820
005974025
007446413
007055739
003071127
006246100
004839504
006241435
003941069
004172492
003810949
004037033
000053808
000004990
004191088
000721617
000230006
000316167
006851192
004318413
001762314
002624115
000622191
003143797
007576042
006362609
007498152
004655290
007579059
000457022
